0.059944
-0.034627
0.019788
0.066500
0.103211
0.020198
0.023737
-0.037415
-0.099798
-0.074107
-0.070974
-0.025713
0.019399
0.069756
-0.133173
-0.044864
-0.050973
-0.049679
0.006609
0.025594
0.132934
0.005571
-0.074657
0.017192
-0.063286
0.074410
-0.081216
0.020232
0.121640
0.011042
-0.064751
-0.001546
0.041716
-0.037805
0.030277
0.000778
-0.077632
-0.068293
-0.047649
-0.013904
-0.070172
0.013446
-0.010943
-0.065902
-0.061038
0.089983
0.063612
-0.042319
0.104019
-0.073935
-0.065610
-0.088219
-0.054206
0.006146
0.055153
0.162201
-0.068004
0.042224
0.155349
0.060845
0.064798
-0.041848
-0.038458
0.019546
-0.149508
-0.049902
-0.114699
0.015320
0.066742
0.002048
0.025921
0.035495
0.067134
-0.053338
-0.050968
0.004077
-0.027267
0.100095
0.157142
-0.013677
0.029785
0.044077
0.045413
0.075128
0.126922
-0.007951
0.166436
0.048358
-0.034948
0.066639
-0.039763
0.038668
-0.109134
0.079434
0.000980
-0.095248
0.088770
-0.043881
0.070786
-0.014292
-0.056035
0.071154
-0.077853
-0.034557
-0.002941
0.061063
0.182346
0.098331
0.000824
0.079392
-0.141056
0.058595
-0.023259
0.076197
-0.055760
-0.067044
0.004018
-0.031890
0.032296
0.092284
0.009702
0.039055
0.046316
0.024657
0.028789
-0.122201
0.101831
-0.013610
0.012446
-0.075256
0.142085
0.050961
-0.008120
0.148677
0.029164
0.099808
0.022093
-0.007371
-0.013259
0.005279
0.001408
-0.072806
-0.039371
-0.064621
-0.070823
0.077807
0.036788
0.017550
-0.022522
0.085731
0.007998
-0.010898
-0.079859
-0.024301
-0.107074
0.030910
0.008330
-0.063276
0.052531
-0.069714
0.050561
-0.026893
-0.017689
-0.108639
-0.017496
0.105779
0.006797
0.100687
0.115240
0.018927
-0.073121
-0.090395
-0.107613
-0.042689
-0.010089
-0.066878
-0.102036
-0.005282
0.155081
-0.095900
0.060018
-0.045288
-0.062672
-0.015739
-0.100149
0.031960
-0.079473
0.143181
-0.002775
-0.126620
-0.018000
0.017314
0.113361
-0.106919
-0.008584
0.054917
-0.084629
-0.088263
-0.124683
0.025605
